1636128000000,4466.33000000,4513.04000000,4462.96000000,4499.20000000,8889.66210000,1636142399999,39922063.52379800,43698,4763.57330000,21395212.05884400,0
1636142400000,4498.84000000,4499.84000000,4443.74000000,4478.56000000,9724.47680000,1636156799999,43432264.85923300,45335,4797.56450000,21426385.63598600,0
1636156800000,4478.41000000,4512.00000000,4460.60000000,4496.00000000,8408.27990000,1636171199999,37768507.61683100,37197,4282.87290000,19238508.57452600,0
1636171200000,4495.93000000,4519.03000000,4461.81000000,4475.00000000,8438.02170000,1636185599999,37920422.21962600,31231,3773.63320000,16952314.63983800,0
1636185600000,4475.00000000,4499.09000000,4343.71000000,4373.29000000,25992.05910000,1636199999999,114593789.91788400,81434,13396.10780000,59010975.40798200,0
1636200000000,4373.18000000,4412.71000000,4330.00000000,4402.33000000,14963.04720000,1636214399999,65491119.62582800,57266,7547.07020000,33039343.17730800,0
1636214400000,4402.29000000,4498.00000000,4386.07000000,4496.99000000,13260.63510000,1636228799999,58889661.42919700,52379,7544.37960000,33515690.02892900,0
1636228800000,4496.99000000,4533.70000000,4483.68000000,4521.44000000,9292.05340000,1636243199999,41885794.27452200,45462,5082.19480000,22912503.41560600,0
1636243200000,4521.44000000,4573.99000000,4506.25000000,4553.52000000,12151.17910000,1636257599999,55252122.12137300,50346,6757.08140000,30724727.60069800,0
1636257600000,4553.52000000,4572.45000000,4541.01000000,4544.45000000,5818.62320000,1636271999999,26495371.35114900,30001,2996.63680000,13647381.39862300,0
1636272000000,4544.47000000,4620.80000000,4522.97000000,4595.13000000,20266.83240000,1636286399999,93024401.89238900,62280,9939.64250000,45591542.84468600,0
1636286400000,4595.79000000,4629.20000000,4577.77000000,4608.42000000,11697.82280000,1636300799999,53875918.95126900,48377,6025.40960000,27755575.55941100,0
1636300800000,4607.58000000,4621.80000000,4591.98000000,4607.07000000,7702.50290000,1636315199999,35476988.99649300,36021,3737.58740000,17217029.36230600,0
1636315200000,4607.07000000,4640.88000000,4590.75000000,4616.00000000,8364.33470000,1636329599999,38608436.55535200,40795,4012.16940000,18526193.45933000,0
1636329600000,4616.01000000,4738.97000000,4615.80000000,4723.64000000,26121.84225000,1636343999999,122379845.44099240,90003,14061.26644000,65881389.96061440,0
1636344000000,4723.63000000,4770.00000000,4712.00000000,4726.86000000,14216.23018000,1636358399999,67325889.65402030,54077,7705.16688000,36497151.27891230,0
1636358400000,4726.87000000,4744.00000000,4712.49000000,4732.78000000,13092.09980000,1636372799999,61899842.89924700,44727,5546.22280000,26223518.65197800,0
1636372800000,4732.78000000,4779.03000000,4707.37000000,4766.42000000,15180.80166000,1636387199999,71935518.75259760,60497,7528.60016000,35686048.03336760,0
1636387200000,4766.40000000,4796.00000000,4752.60000000,4753.01000000,11751.13466000,1636401599999,56120194.64573300,46185,5734.55006000,27391732.63948300,0
1636401600000,4753.79000000,4825.80000000,4734.53000000,4811.25000000,13615.09167000,1636415999999,65140372.99018150,60886,7405.06637000,35436408.97513950,0
1636416000000,4811.19000000,4817.86000000,4778.91000000,4816.91000000,12311.10650000,1636430399999,59045732.66760500,47481,5772.57930000,27689024.16613300,0
1636430400000,4816.83000000,4842.12000000,4780.00000000,4787.75000000,11703.42745000,1636444799999,56289928.59670050,47144,5717.08675000,27502768.79833050,0
1636444800000,4787.75000000,4825.00000000,4757.22000000,4777.00000000,13152.38250000,1636459199999,63079699.01834800,48436,5855.25300000,28090352.28233600,0
1636459200000,4776.99000000,4835.00000000,4760.47000000,4791.99000000,19858.06850000,1636473599999,95289528.88003100,69272,10663.65860000,51164617.76709400,0
1636473600000,4792.00000000,4799.48000000,4714.93000000,4750.60000000,14437.80630000,1636487999999,68724731.38937600,59522,7498.03970000,35699536.42885200,0
1636488000000,4750.69000000,4801.82000000,4717.74000000,4733.26000000,10467.46140000,1636502399999,49826888.95125500,44467,5096.35270000,24273238.81323000,0
1636502400000,4733.26000000,4759.63000000,4681.00000000,4692.48000000,15494.82640000,1636516799999,73182602.27977700,50781,5581.63690000,26359374.45037600,0
1636516800000,4692.48000000,4744.21000000,4678.95000000,4715.18000000,11421.80800000,1636531199999,53839937.26360600,39870,5676.00300000,26771659.61536200,0
1636531200000,4715.18000000,4755.00000000,4702.00000000,4729.24000000,9919.20270000,1636545599999,46886001.70861800,40094,5365.50300000,25363913.11306500,0
1636545600000,4729.23000000,4867.36000000,4695.58000000,4847.56000000,26755.83065000,1636559999999,128363988.06153870,103839,13978.79165000,67089100.36884570,0
1636560000000,4847.55000000,4865.00000000,4696.14000000,4705.20000000,21760.82980000,1636574399999,104337641.08773600,78534,9807.75590000,47050121.26150100,0
1636574400000,4704.91000000,4722.47000000,4467.19000000,4631.46000000,63360.71330000,1636588799999,292049672.66821900,215888,28838.00280000,132927186.62544900,0
1636588800000,4631.45000000,4650.41000000,4579.60000000,4637.51000000,16177.10470000,1636603199999,74603951.95026400,69197,8173.59590000,37701463.75525200,0
1636603200000,4637.63000000,4698.71000000,4622.45000000,4693.39000000,9855.60070000,1636617599999,45913950.64023200,48138,5436.91440000,25335595.69406400,0
1636617600000,4693.39000000,4743.73000000,4655.99000000,4723.38000000,14671.45600000,1636631999999,69107294.99581300,60117,7767.92790000,36591703.21419200,0
1636632000000,4723.38000000,4764.14000000,4676.40000000,4722.25000000,21680.64580000,1636646399999,102253098.80822800,72543,10629.70360000,50146645.12463200,0
1636646400000,4722.25000000,4781.74000000,4717.21000000,4761.00000000,13314.17750000,1636660799999,63278091.55955100,51336,7262.23750000,34520834.07560100,0
1636660800000,4760.99000000,4778.39000000,4716.44000000,4722.00000000,8001.98260000,1636675199999,37969080.55651800,37093,4215.56410000,20007700.61921300,0
1636675200000,4721.69000000,4809.84000000,4692.55000000,4775.37000000,17898.88220000,1636689599999,85162210.70693900,65208,10887.02270000,51809507.61623000,0
1636689600000,4775.36000000,4786.87000000,4694.40000000,4711.95000000,9760.37330000,1636703999999,46269462.01156200,39895,3967.59780000,18823330.01409100,0
1636704000000,4711.95000000,4740.00000000,4577.36000000,4601.00000000,31385.08340000,1636718399999,145914429.96086000,101709,14079.19150000,65530824.59138200,0
1636718400000,4600.76000000,4633.33000000,4540.00000000,4571.90000000,28150.50260000,1636732799999,129192428.02805200,94801,13772.82200000,63215956.35026200,0
1636732800000,4572.18000000,4669.99000000,4510.00000000,4655.26000000,26926.81950000,1636747199999,123561232.56238200,87089,13852.99120000,63628436.70142400,0
1636747200000,4655.26000000,4694.00000000,4632.14000000,4667.30000000,11409.08290000,1636761599999,53225505.71117800,42739,6445.24760000,30072935.37572200,0
1636761600000,4667.30000000,4707.88000000,4625.00000000,4639.75000000,14602.58150000,1636775999999,68066771.35392600,42458,6213.31450000,28990086.28943700,0
1636776000000,4639.75000000,4653.00000000,4612.29000000,4645.88000000,7476.55230000,1636790399999,34621209.03785300,30574,3379.88100000,15655017.14845400,0
1636790400000,4645.87000000,4649.48000000,4586.26000000,4609.55000000,10172.75810000,1636804799999,46876260.64169500,34235,4243.56740000,19564756.60769700,0
1636804800000,4609.54000000,4697.48000000,4587.82000000,4680.41000000,17109.32020000,1636819199999,79542023.36366600,57411,9347.23280000,43477715.38881900,0
1636819200000,4680.72000000,4701.08000000,4620.70000000,4644.46000000,12082.40800000,1636833599999,56353304.45439200,44382,5522.34010000,25766856.83060000,0
1636833600000,4644.24000000,4663.93000000,4635.00000000,4644.84000000,5775.52110000,1636847999999,26851504.49863500,24374,2793.92130000,12991113.62881000,0
1636848000000,4644.84000000,4696.00000000,4622.00000000,4629.65000000,9751.74720000,1636862399999,45432022.96039200,35056,4202.12720000,19583893.80425100,0
1636862400000,4629.64000000,4657.15000000,4595.46000000,4599.11000000,12771.96210000,1636876799999,59133443.21142800,34138,5318.53440000,24636835.85642600,0
1636876800000,4599.11000000,4616.24000000,4568.01000000,4613.56000000,9430.60680000,1636891199999,43336098.18175300,34826,4922.72800000,22627917.06238300,0
1636891200000,4613.56000000,4635.46000000,4577.93000000,4584.99000000,9954.75790000,1636905599999,45821609.19077800,36739,5018.26950000,23105211.58305300,0
1636905600000,4584.99000000,4591.18000000,4515.00000000,4546.01000000,19327.29410000,1636919999999,87815699.73321300,58934,9478.54660000,43042239.39295000,0
1636920000000,4546.01000000,4632.10000000,4535.49000000,4626.61000000,12408.77620000,1636934399999,56829623.65845900,45286,6776.86360000,31039346.52401500,0
1636934400000,4626.62000000,4721.01000000,4626.62000000,4703.76000000,16966.10690000,1636948799999,79434383.83289700,58374,9569.32450000,44796132.20307900,0
1636948800000,4703.60000000,4723.28000000,4679.66000000,4682.33000000,7611.50540000,1636963199999,35796032.35209900,30103,3602.26210000,16941415.55268600,0
1636963200000,4682.33000000,4747.99000000,4661.37000000,4724.15000000,13871.07710000,1636977599999,65418661.93506700,47027,7096.61760000,33477549.67282500,0
1636977600000,4724.15000000,4771.10000000,4633.67000000,4649.26000000,24858.89790000,1636991999999,116778357.00387800,79459,11193.78580000,52656562.94898700,0
1636992000000,4649.25000000,4661.09000000,4567.08000000,4600.07000000,18601.90550000,1637006399999,85659447.28079400,62703,8414.68620000,38738485.35499200,0
1637006400000,4600.15000000,4600.15000000,4540.99000000,4564.49000000,14870.74850000,1637020799999,67918589.22800300,49829,6964.77620000,31819942.81949000,0
1637020800000,4564.17000000,4564.17000000,4262.48000000,4312.10000000,58390.42390000,1637035199999,256032740.50867600,180590,27191.36250000,118970014.92899400,0
1637035200000,4312.13000000,4368.00000000,4269.00000000,4313.70000000,31132.05890000,1637049599999,134498216.44864000,96871,16344.77270000,70622629.47863500,0
1637049600000,4313.62000000,4345.55000000,4108.10000000,4295.14000000,61587.62180000,1637063999999,260670631.50043500,165608,30111.13060000,127483436.88402300,0
1637064000000,4295.14000000,4348.00000000,4226.50000000,4288.52000000,40005.01470000,1637078399999,171788747.00508300,101671,20072.77000000,86254770.44529100,0
1637078400000,4288.26000000,4331.99000000,4235.00000000,4267.72000000,17725.75630000,1637092799999,76015859.26350300,63158,9178.77260000,39378242.19770800,0
1637092800000,4267.51000000,4298.85000000,4165.00000000,4211.09000000,25507.24200000,1637107199999,107914856.95942400,78143,10944.14510000,46352192.88957500,0
1637107200000,4211.15000000,4246.07000000,4067.03000000,4123.69000000,37483.71500000,1637121599999,155929793.23731500,113362,19353.13660000,80516266.78856200,0
1637121600000,4123.83000000,4219.68000000,4080.08000000,4185.60000000,29025.16630000,1637135999999,120572319.34989500,87020,13558.89990000,56337175.61686800,0
1637136000000,4185.61000000,4258.20000000,4101.00000000,4254.16000000,35668.47570000,1637150399999,149267430.87261500,110958,17849.36200000,74690001.47952100,0
1637150400000,4254.16000000,4263.26000000,4145.00000000,4176.66000000,19066.61620000,1637164799999,80305418.52423100,69356,9459.05760000,39858536.68907200,0
1637164800000,4176.67000000,4269.45000000,4150.51000000,4244.61000000,21880.72140000,1637179199999,92359236.30877600,65356,10017.42150000,42307928.17238100,0
1637179200000,4244.58000000,4300.00000000,4211.82000000,4289.51000000,15597.89350000,1637193599999,66262006.97482700,55628,8258.50760000,35095625.04698900,0
1637193600000,4289.77000000,4346.88000000,4272.39000000,4281.35000000,25712.96250000,1637207999999,110850775.49225700,69018,13598.22240000,58615397.64469200,0
1637208000000,4281.86000000,4300.00000000,4228.00000000,4249.94000000,18958.67110000,1637222399999,80662848.48486900,55813,9562.73200000,40676034.23136800,0
1637222400000,4249.95000000,4262.50000000,4184.13000000,4191.76000000,23211.27260000,1637236799999,97849993.59170100,67558,9884.31020000,41691507.01560200,0
1637236800000,4191.69000000,4237.20000000,4052.84000000,4073.54000000,52874.25420000,1637251199999,219090714.52347500,127752,22664.55230000,93987130.30349000,0
1637251200000,4074.14000000,4092.43000000,3962.01000000,4067.40000000,51664.21890000,1637265599999,208767803.49583200,141827,24910.43170000,100674805.37649200,0
1637265600000,4067.50000000,4094.61000000,3957.96000000,3998.32000000,25932.67280000,1637279999999,104217633.35271000,86137,12237.28380000,49173381.54252700,0
1637280000000,3998.77000000,4105.99000000,3975.53000000,4012.04000000,38048.17330000,1637294399999,153729824.68661800,105250,20123.97940000,81327133.40398700,0
1637294400000,4012.04000000,4089.60000000,4007.83000000,4064.75000000,16811.03630000,1637308799999,68156028.26813600,55801,9062.98810000,36739154.47569700,0
1637308800000,4064.20000000,4176.87000000,4063.39000000,4143.59000000,23908.75310000,1637323199999,98976558.51909300,70849,13157.89560000,54469761.06703500,0
1637323200000,4143.88000000,4241.36000000,4133.96000000,4220.81000000,28441.44450000,1637337599999,119299735.68445700,77504,15291.25230000,64121965.52345900,0
1637337600000,4220.81000000,4301.80000000,4215.41000000,4294.97000000,23001.59200000,1637351999999,97936582.15388300,64847,11029.16170000,46964853.35995000,0
1637352000000,4294.97000000,4313.00000000,4253.21000000,4298.31000000,13195.37650000,1637366399999,56552958.93866400,47245,6004.91630000,25734728.96686900,0
1637366400000,4298.40000000,4335.73000000,4278.77000000,4284.25000000,18109.14120000,1637380799999,78124569.94336800,47377,9093.32900000,39245302.71401300,0
1637380800000,4284.26000000,4322.46000000,4266.80000000,4282.79000000,11142.11240000,1637395199999,47782639.72430200,36352,4894.56820000,20995989.84399400,0
1637395200000,4283.03000000,4325.55000000,4273.39000000,4320.82000000,10414.70540000,1637409599999,44794606.20875700,36015,5623.23600000,24192229.44744900,0
1637409600000,4320.82000000,4336.95000000,4216.47000000,4217.00000000,20446.74660000,1637423999999,87487087.71587900,59639,9525.23190000,40769617.17996400,0
1637424000000,4216.86000000,4402.83000000,4203.65000000,4401.83000000,25993.56420000,1637438399999,112127423.39647800,83228,14414.22970000,62264126.16357700,0
1637438400000,4401.79000000,4440.00000000,4392.78000000,4414.31000000,12726.51730000,1637452799999,56178481.97861700,40739,6732.18390000,29716732.90949400,0
1637452800000,4414.95000000,4418.00000000,4334.82000000,4346.23000000,16273.18540000,1637467199999,71221448.81664700,42772,7277.54900000,31866833.79565100,0
1637467200000,4346.23000000,4384.28000000,4329.85000000,4351.37000000,9315.50130000,1637481599999,40601218.12128400,31069,4610.29890000,20097109.65157100,0
1637481600000,4351.33000000,4371.74000000,4306.38000000,4322.55000000,13863.87570000,1637495999999,60124644.04450300,44482,6562.61540000,28467368.13479500,0
1637496000000,4322.55000000,4388.00000000,4307.02000000,4370.39000000,12643.32940000,1637510399999,54876812.72684200,46752,7297.79730000,31681060.08540400,0
1637510400000,4369.97000000,4426.90000000,4338.31000000,4349.46000000,14805.91820000,1637524799999,64843197.47010100,55680,7597.71490000,33280018.22488400,0
1637524800000,4349.46000000,4392.00000000,4245.77000000,4261.87000000,15924.63930000,1637539199999,68895186.44291100,57627,6513.97250000,28195250.46306600,0
1637539200000,4262.08000000,4269.71000000,4145.01000000,4168.42000000,34798.97290000,1637553599999,146269617.69629700,96880,15313.22980000,64369532.80366600,0
1637553600000,4168.63000000,4220.81000000,4128.40000000,4191.35000000,17299.92020000,1637567999999,72272004.72565800,58477,8953.46800000,37413439.75819300,0
1637568000000,4191.68000000,4239.02000000,4170.11000000,4175.22000000,14775.18000000,1637582399999,62071841.04915900,52505,7014.54250000,29472859.11850600,0
1637582400000,4174.91000000,4321.67000000,4130.45000000,4238.51000000,45704.89640000,1637596799999,193753185.26483000,120064,23396.97810000,99286074.81733000,0
1637596800000,4239.41000000,4249.00000000,4053.40000000,4068.36000000,33602.36130000,1637611199999,139757931.56713400,95181,14408.80550000,59909730.31807800,0
1637611200000,4068.40000000,4117.00000000,4025.50000000,4088.84000000,24822.66890000,1637625599999,101085299.67109900,81027,12595.29700000,51309516.74356200,0
1637625600000,4089.16000000,4194.79000000,4065.70000000,4181.06000000,19825.97120000,1637639999999,82099838.52611800,61327,10514.33580000,43544390.28796200,0
1637640000000,4180.81000000,4192.34000000,4089.16000000,4108.77000000,18333.45270000,1637654399999,75915170.64836500,56015,8299.24350000,34367919.23385200,0
1637654400000,4108.37000000,4230.69000000,4061.67000000,4135.67000000,51302.54550000,1637668799999,212821717.37273500,136896,26319.46520000,109246503.77200000,0
1637668800000,4135.68000000,4330.01000000,4130.26000000,4270.63000000,39048.69210000,1637683199999,165683193.37040300,113281,21025.36780000,89233984.10569600,0
1637683200000,4270.63000000,4360.00000000,4270.63000000,4356.99000000,24702.34860000,1637697599999,106850804.75448700,83828,13124.13810000,56775458.75853600,0
1637697600000,4356.74000000,4387.01000000,4321.94000000,4339.97000000,16902.43500000,1637711999999,73616452.78275400,51584,7698.02910000,33527848.42752900,0
1637712000000,4340.60000000,4374.87000000,4233.74000000,4248.20000000,26206.35900000,1637726399999,112594975.81859900,71346,11638.57100000,50017437.69104500,0
1637726400000,4248.19000000,4294.14000000,4219.59000000,4271.39000000,17996.86940000,1637740799999,76773298.36958100,57664,9146.66030000,39024864.28143400,0
1637740800000,4271.40000000,4343.04000000,4255.38000000,4293.88000000,21116.88150000,1637755199999,90727869.49973700,72723,11019.48640000,47358414.62391200,0
1637755200000,4293.87000000,4311.49000000,4168.92000000,4254.33000000,39664.49900000,1637769599999,168104708.83209000,113364,19461.13280000,82499860.35045000,0
1637769600000,4254.18000000,4267.04000000,4200.57000000,4213.10000000,17097.68050000,1637783999999,72337207.27340100,61012,7985.56010000,33784899.92231000,0
1637784000000,4213.10000000,4282.76000000,4202.03000000,4270.89000000,14945.68790000,1637798399999,63569801.45056800,57047,7361.53760000,31317139.19417900,0
1637798400000,4271.15000000,4336.24000000,4246.10000000,4318.75000000,16970.88280000,1637812799999,73104007.86734800,65273,9450.44300000,40715095.34854700,0
1637812800000,4318.52000000,4324.29000000,4266.00000000,4297.55000000,12362.24550000,1637827199999,53050890.86142300,48850,5494.05170000,23577133.22396500,0
1637827200000,4297.55000000,4393.37000000,4274.13000000,4389.56000000,24379.63940000,1637841599999,105867250.01443300,79355,14440.13940000,62733197.57173900,0
1637841600000,4389.57000000,4505.86000000,4385.53000000,4478.39000000,37393.18260000,1637855999999,166495883.68541000,98091,21484.30110000,95661878.83145700,0
1637856000000,4478.53000000,4533.13000000,4462.58000000,4505.76000000,19473.25520000,1637870399999,87609031.09582600,69017,10388.85350000,46747690.50698600,0
1637870400000,4505.36000000,4555.00000000,4472.71000000,4527.07000000,14260.59740000,1637884799999,64399977.63593500,53803,7725.97070000,34881134.17772600,0
1637884800000,4527.07000000,4553.65000000,4428.19000000,4429.95000000,23197.50100000,1637899199999,104148773.17669500,67283,11518.36580000,51727097.77598700,0
1637899200000,4429.81000000,4450.53000000,4315.71000000,4345.35000000,24117.20580000,1637913599999,105963825.83163000,68160,10463.38650000,45973585.62483600,0
1637913600000,4345.05000000,4345.05000000,3984.10000000,3987.67000000,92020.00260000,1637927999999,377864383.97622300,269593,42556.05810000,174676211.65903500,0
1637928000000,3987.46000000,4129.58000000,3916.18000000,4066.94000000,49200.98860000,1637942399999,198419788.19270900,138596,25329.97140000,102052932.38164500,0
1637942400000,4066.93000000,4117.00000000,4025.63000000,4086.27000000,23515.76120000,1637956799999,95692967.54159700,74673,12150.78810000,49447006.04380000,0
1637956800000,4085.56000000,4128.89000000,4030.01000000,4044.85000000,16335.33360000,1637971199999,66685540.83816200,59205,7877.32780000,32164699.38425700,0
1637971200000,4043.67000000,4149.99000000,4031.83000000,4117.88000000,16253.94120000,1637985599999,66597456.97237100,54241,8831.13030000,36192083.96342000,0
1637985600000,4117.87000000,4148.98000000,4090.46000000,4125.72000000,11861.15310000,1637999999999,48851383.66099700,38371,6036.97330000,24861656.30826000,0
1638000000000,4125.70000000,4185.74000000,4106.76000000,4114.52000000,17678.40620000,1638014399999,73310943.09485800,53626,9587.96990000,39770242.59917600,0
1638014400000,4114.53000000,4161.39000000,4108.14000000,4135.72000000,11305.83600000,1638028799999,46746736.71764300,40880,5654.86230000,23384244.31005400,0
1638028800000,4135.72000000,4161.40000000,4116.68000000,4118.38000000,11074.66610000,1638043199999,45850021.89319900,35602,5629.16190000,23297646.00618700,0
1638043200000,4118.30000000,4131.50000000,4034.67000000,4098.02000000,18221.54430000,1638057599999,74371389.01442500,52837,8434.17370000,34426168.64451200,0
1638057600000,4097.88000000,4099.00000000,3982.03000000,4028.66000000,18728.76900000,1638071999999,75672178.74138200,67188,9486.76430000,38340313.63171100,0
1638072000000,4028.33000000,4084.41000000,4009.28000000,4072.14000000,10965.33300000,1638086399999,44355388.21718600,41320,6070.27520000,24559685.37077700,0
1638086400000,4072.26000000,4133.10000000,4037.07000000,4099.21000000,13765.29340000,1638100799999,56278067.86353500,43324,7083.76350000,28986779.45619200,0
1638100800000,4099.36000000,4117.39000000,4048.33000000,4080.18000000,11043.23630000,1638115199999,45090645.44158800,40633,5265.35070000,21500867.17877500,0
1638115200000,4080.17000000,4129.99000000,3965.49000000,4101.08000000,24229.95070000,1638129599999,98277517.10412400,77060,11762.72530000,47753562.43700700,0
1638129600000,4101.24000000,4301.55000000,4101.24000000,4298.14000000,29823.57170000,1638143999999,125914062.98472300,95521,16989.27480000,71704703.44718400,0
1638144000000,4298.15000000,4376.89000000,4285.00000000,4309.56000000,22881.10040000,1638158399999,99097533.89315600,74857,11911.20060000,51601101.85028200,0
1638158400000,4309.57000000,4368.75000000,4308.59000000,4354.00000000,16427.54140000,1638172799999,71267817.63582100,49618,8583.29940000,37235906.93625100,0
1638172800000,4354.00000000,4362.50000000,4281.22000000,4300.35000000,15675.93980000,1638187199999,67687209.28474500,55926,7082.56820000,30581788.67818300,0
1638187200000,4300.36000000,4377.88000000,4298.55000000,4338.82000000,15710.34970000,1638201599999,68068019.45781500,59200,8382.71480000,36330090.70007100,0
1638201600000,4339.15000000,4463.00000000,4332.21000000,4390.25000000,25045.38870000,1638215999999,110611510.24251500,86178,13140.59880000,58020800.62930300,0
1638216000000,4390.25000000,4461.21000000,4387.60000000,4448.42000000,13545.28200000,1638230399999,60059118.74879500,50434,7090.15220000,31445040.98245200,0
1638230400000,4448.41000000,4506.99000000,4405.64000000,4438.54000000,23920.86470000,1638244799999,106823874.66397500,84494,12469.14320000,55718246.60287900,0
1638244800000,4438.75000000,4459.68000000,4349.83000000,4415.77000000,22215.73480000,1638259199999,97906357.16953900,73812,11070.52330000,48795991.64604000,0
1638259200000,4415.78000000,4606.28000000,4394.41000000,4594.28000000,37783.46440000,1638273599999,169782929.72128800,124346,20557.66830000,92394943.03227800,0
1638273600000,4594.41000000,4756.80000000,4571.96000000,4616.79000000,55524.34170000,1638287999999,258654996.92810000,179637,30200.05340000,140713254.22458400,0
1638288000000,4617.74000000,4698.00000000,4525.12000000,4666.41000000,47733.62420000,1638302399999,220248160.07625100,156055,23909.90890000,110395274.95050900,0
1638302400000,4666.30000000,4678.49000000,4602.17000000,4631.81000000,18091.71320000,1638316799999,84058657.15935300,75690,9199.84430000,42752449.67343200,0
1638316800000,4632.65000000,4773.79000000,4603.35000000,4762.24000000,31280.21670000,1638331199999,147334765.05719900,105361,17351.40930000,81761571.72442500,0
1638331200000,4762.74000000,4782.50000000,4690.77000000,4770.50000000,16362.88120000,1638345599999,77538372.41980800,66583,8164.49610000,38705539.81715000,0
1638345600000,4770.50000000,4773.54000000,4656.26000000,4677.07000000,25282.49970000,1638359999999,119287552.58101000,87089,12178.09150000,57446036.36022200,0
1638360000000,4677.14000000,4765.00000000,4660.46000000,4730.84000000,24520.29880000,1638374399999,115644739.62744800,85912,12219.33030000,57653993.86466700,0
1638374400000,4730.29000000,4761.74000000,4601.04000000,4663.05000000,21157.57610000,1638388799999,99017287.11815500,77775,9974.49320000,46696481.66434900,0
1638388800000,4663.05000000,4665.29000000,4528.00000000,4585.46000000,25397.10460000,1638403199999,116238335.80654000,95617,12172.81050000,55698133.98539500,0
1638403200000,4585.74000000,4624.01000000,4454.87000000,4494.12000000,31043.81710000,1638417599999,141041593.69347400,98525,14859.99470000,67529787.67370200,0
1638417600000,4494.58000000,4588.00000000,4488.16000000,4564.37000000,15426.39480000,1638431999999,69953941.19876700,56411,8133.15490000,36887539.18287600,0
1638432000000,4564.61000000,4602.74000000,4500.03000000,4535.28000000,21537.98710000,1638446399999,98146931.03081700,71010,10046.57990000,45827152.93579000,0
1638446400000,4535.28000000,4636.58000000,4483.68000000,4545.94000000,35769.32820000,1638460799999,162853739.70328600,109135,18004.00600000,82025575.91963300,0
1638460800000,4546.10000000,4559.99000000,4430.57000000,4491.48000000,25077.03830000,1638475199999,112652889.77855400,86009,12722.28900000,57154871.99592700,0
1638475200000,4492.10000000,4560.00000000,4474.20000000,4515.15000000,11924.95200000,1638489599999,53997701.76650500,50123,6592.14940000,29856146.83711500,0
1638489600000,4515.01000000,4550.00000000,4473.00000000,4496.32000000,13213.73540000,1638503999999,59606301.14684000,45332,6680.64390000,30140259.07732200,0
1638504000000,4496.59000000,4595.12000000,4493.33000000,4571.66000000,15091.14630000,1638518399999,68790683.82900600,52628,8635.44670000,39361578.97925100,0
1638518400000,4571.66000000,4620.00000000,4548.52000000,4616.01000000,13662.26050000,1638532799999,62693262.80652200,50821,7314.55240000,33567311.14794900,0
1638532800000,4616.01000000,4658.89000000,4460.00000000,4470.97000000,30203.14550000,1638547199999,137649493.15052700,98635,14702.87380000,67067226.64980600,0
1638547200000,4470.97000000,4470.97000000,4184.41000000,4230.05000000,68484.57480000,1638561599999,296985699.60507500,191030,34557.54370000,149838107.87990100,0
1638561600000,4230.06000000,4255.00000000,4041.61000000,4218.76000000,51944.74790000,1638575999999,217345693.70102000,165157,25920.45980000,108451367.29630200,0
1638576000000,4218.76000000,4240.22000000,4060.00000000,4062.06000000,27628.44590000,1638590399999,114693987.45165000,96961,12244.63440000,50863709.08262200,0
1638590400000,4062.10000000,4120.00000000,3529.33000000,3898.74000000,113748.82350000,1638604799999,439216886.90507800,329059,52734.65160000,203572760.14104300,0
1638604800000,3897.50000000,3988.77000000,3830.10000000,3872.68000000,42293.22200000,1638619199999,165700435.80078300,155865,22292.73530000,87395384.39828500,0
1638619200000,3873.17000000,4073.80000000,3873.17000000,4041.32000000,42642.88020000,1638633599999,169548642.99963300,137293,23650.58950000,94060215.14245600,0
1638633600000,4041.32000000,4139.79000000,3981.70000000,4122.29000000,22312.58240000,1638647999999,90270288.54327400,87036,14187.06350000,57436644.29844500,0
1638648000000,4122.29000000,4132.33000000,4035.42000000,4120.51000000,18771.03970000,1638662399999,76827901.42779800,70041,10710.98240000,43857560.17165900,0
1638662400000,4120.53000000,4184.37000000,4068.56000000,4167.98000000,26569.22330000,1638676799999,109507502.13646400,101848,14061.33640000,57993593.45954600,0
1638676800000,4167.75000000,4235.42000000,4144.17000000,4205.17000000,24656.63860000,1638691199999,103525229.58188700,77736,12066.00280000,50620514.98072900,0
1638691200000,4205.44000000,4227.55000000,4168.02000000,4201.10000000,22808.47930000,1638705599999,95879664.41207700,73298,11498.52070000,48337513.21179800,0
1638705600000,4200.39000000,4254.01000000,4037.32000000,4075.11000000,49952.66840000,1638719999999,207206751.25054700,121151,26097.06650000,108417459.35190400,0
1638720000000,4075.31000000,4183.50000000,4068.82000000,4143.10000000,32961.84670000,1638734399999,135997114.98871300,95817,20011.48010000,82571858.70947800,0
1638734400000,4143.10000000,4208.83000000,4103.60000000,4200.91000000,17013.49060000,1638748799999,70673085.19835300,63246,9181.89220000,38147031.79588800,0
1638748800000,4201.00000000,4206.68000000,4107.00000000,4173.77000000,22367.77450000,1638763199999,92822161.25682100,79251,11622.25830000,48264484.04082200,0
1638763200000,4173.57000000,4200.00000000,4020.40000000,4076.19000000,30262.69430000,1638777599999,124640362.97909300,81688,14108.26570000,58165518.19782300,0
1638777600000,4076.24000000,4150.00000000,3925.00000000,4048.20000000,79695.70200000,1638791999999,319526166.33100300,210895,41839.20490000,167764078.11867800,0
1638792000000,4048.19000000,4130.95000000,3985.79000000,4129.17000000,45014.55210000,1638806399999,182337614.52533300,136638,25843.40440000,104738462.51373000,0
1638806400000,4128.81000000,4221.43000000,4100.90000000,4198.72000000,31102.99850000,1638820799999,129837361.90898300,95148,18671.04510000,77995037.13449700,0
1638820800000,4198.60000000,4378.60000000,4187.93000000,4352.04000000,33115.75390000,1638835199999,142236548.48090300,114948,19678.46930000,84487708.39902800,0
1638835200000,4352.52000000,4392.85000000,4310.82000000,4346.38000000,18449.28150000,1638849599999,80198943.59316400,68082,9336.37640000,40596359.82122900,0
1638849600000,4346.38000000,4389.97000000,4335.43000000,4357.77000000,11443.48930000,1638863999999,49873346.93205400,49544,6499.46240000,28327218.80824000,0
1638864000000,4357.44000000,4429.30000000,4351.93000000,4413.95000000,19885.90230000,1638878399999,87540129.12195300,68442,10305.87820000,45368533.31352700,0
1638878400000,4413.91000000,4422.00000000,4335.84000000,4390.70000000,26498.43210000,1638892799999,115976276.69252700,75226,13292.92410000,58203589.21789300,0
1638892800000,4390.70000000,4409.00000000,4282.86000000,4316.96000000,19917.61380000,1638907199999,86300610.05357900,62708,8843.60500000,38309954.65213200,0
1638907200000,4317.22000000,4333.50000000,4260.00000000,4309.74000000,20550.35420000,1638921599999,88202710.63852800,62475,10096.99080000,43349001.54501100,0
1638921600000,4309.72000000,4348.26000000,4285.34000000,4297.25000000,19535.04610000,1638935999999,84352762.97955100,60553,9929.94430000,42888506.67014000,0
1638936000000,4297.25000000,4382.41000000,4296.63000000,4371.21000000,18966.85400000,1638950399999,82385230.35034800,56429,9138.02970000,39701038.95925500,0
1638950400000,4371.21000000,4389.82000000,4234.06000000,4271.00000000,29035.85440000,1638964799999,125156988.80316000,88410,12459.62220000,53702537.37858000,0
1638964800000,4271.24000000,4455.00000000,4227.64000000,4406.93000000,43406.24510000,1638979199999,189239070.53665900,118924,24441.11100000,106628277.94161700,0
1638979200000,4407.31000000,4425.06000000,4366.40000000,4385.97000000,15705.53700000,1638993599999,69038778.65489200,52227,7313.87730000,32156611.55925800,0
1638993600000,4385.97000000,4445.39000000,4376.70000000,4440.34000000,14456.23030000,1639007999999,63797032.12847100,47721,7406.38220000,32685910.14228700,0
1639008000000,4440.36000000,4493.00000000,4355.41000000,4363.74000000,22771.04290000,1639022399999,100781989.00838100,72278,11019.03180000,48807422.10543800,0
1639022400000,4363.39000000,4413.45000000,4345.24000000,4382.58000000,13782.28390000,1639036799999,60363123.17683500,48492,7224.71230000,31655342.43472000,0
1639036800000,4382.57000000,4382.58000000,4273.66000000,4308.54000000,25701.69320000,1639051199999,110975206.93201100,79234,12019.87470000,51908438.84530000,0
1639051200000,4308.42000000,4328.00000000,4139.70000000,4204.16000000,40090.26120000,1639065599999,170026063.89345100,111403,20635.92200000,87445757.88180500,0
1639065600000,4204.27000000,4237.30000000,4101.00000000,4125.03000000,34409.44790000,1639079999999,143146503.07918900,90425,17783.48320000,73969355.10416000,0
1639080000000,4125.01000000,4203.59000000,4078.00000000,4107.31000000,30299.31990000,1639094399999,125255509.45573900,81857,17050.72890000,70506754.01386200,0
1639094400000,4107.31000000,4200.59000000,4100.00000000,4142.25000000,25822.69110000,1639108799999,107120702.28476400,76313,12684.25060000,52616922.24566800,0
1639108800000,4142.26000000,4166.08000000,4021.45000000,4031.70000000,19980.56390000,1639123199999,81710474.80009300,71479,9945.66980000,40668266.25036100,0
1639123200000,4032.31000000,4172.34000000,4018.86000000,4158.20000000,17442.92500000,1639137599999,71494925.29096000,62632,8939.65210000,36651060.77015400,0
1639137600000,4158.20000000,4233.63000000,3986.52000000,4024.13000000,54169.72560000,1639151999999,222586544.29012500,134348,24088.11570000,99155384.22972600,0
1639152000000,4024.22000000,4035.91000000,3933.04000000,4018.10000000,41785.67750000,1639166399999,166475378.99530400,107347,21557.22270000,85887437.37566700,0
1639166400000,4018.10000000,4060.00000000,3888.00000000,3900.31000000,21536.65260000,1639180799999,85506982.23625900,71436,9316.91000000,37058026.01045400,0
1639180800000,3900.31000000,4041.85000000,3834.67000000,4010.87000000,37864.66770000,1639195199999,149444643.64557200,103632,18157.28990000,71745944.08913500,0
1639195200000,4010.88000000,4073.38000000,3931.93000000,3980.22000000,20351.71140000,1639209599999,81442246.95948200,62517,8976.31840000,35950601.73044400,0
1639209600000,3980.22000000,4089.50000000,3967.20000000,4016.00000000,31406.18180000,1639223999999,126393127.20556200,79778,17216.36610000,69312262.58154000,0
1639224000000,4016.45000000,4064.92000000,3993.48000000,4059.99000000,16802.66270000,1639238399999,67708221.24907800,53408,8398.77310000,33856868.65794000,0
1639238400000,4059.75000000,4098.00000000,3999.81000000,4005.54000000,22033.22340000,1639252799999,89312792.23773000,53008,12655.68920000,51310364.66342900,0
1639252800000,4005.88000000,4095.00000000,3980.97000000,4091.73000000,15463.13210000,1639267199999,62523516.44150600,50971,8981.90140000,36335930.36098900,0
1639267200000,4091.72000000,4099.50000000,4029.60000000,4045.41000000,15237.71450000,1639281599999,61836697.52986100,44111,8435.42430000,34234746.94155100,0
1639281600000,4045.00000000,4065.27000000,4007.33000000,4058.41000000,10141.58500000,1639295999999,40981968.38833900,35466,4844.03820000,19585720.70032500,0
1639296000000,4058.21000000,4061.77000000,3988.62000000,4038.17000000,16219.46450000,1639310399999,65224683.71979600,48862,7805.20320000,31412565.64540700,0
1639310400000,4038.31000000,4060.80000000,4018.94000000,4027.75000000,12025.53000000,1639324799999,48594767.08025000,42304,6279.10430000,25377592.31584900,0
1639324800000,4027.20000000,4177.59000000,4020.00000000,4142.15000000,25587.99040000,1639339199999,105200476.54027500,73145,14356.55540000,59058761.37174900,0
1639339200000,4142.15000000,4175.15000000,4116.77000000,4132.00000000,11317.99070000,1639353599999,46927267.95554300,39321,6085.31700000,25234331.89290700,0
1639353600000,4131.99000000,4144.53000000,3957.37000000,3998.40000000,32616.58320000,1639367999999,131235636.60493100,91342,13172.59260000,52964978.12941300,0
1639368000000,3998.71000000,4048.87000000,3975.00000000,3989.46000000,18173.85620000,1639382399999,72811379.01874000,53834,9613.44050000,38520013.91543600,0
1639382400000,3989.46000000,4033.79000000,3951.60000000,4013.64000000,19681.19640000,1639396799999,78713679.00012100,53322,10555.36360000,42243909.17784600,0
1639396800000,4013.81000000,4023.74000000,3766.00000000,3811.59000000,45054.71280000,1639411199999,175710738.56259400,112738,19932.37270000,77709588.05838900,0
1639411200000,3811.58000000,3876.46000000,3672.14000000,3765.81000000,49598.87730000,1639425599999,187439015.40881700,147772,24592.11350000,93057726.20879100,0
1639425600000,3765.80000000,3815.01000000,3716.60000000,3783.20000000,26614.02170000,1639439999999,100261525.93935700,85962,12481.25480000,47030114.39822600,0
1639440000000,3783.20000000,3834.00000000,3750.54000000,3776.62000000,19257.42590000,1639454399999,72968716.44758500,65010,9809.65900000,37177092.82929200,0
1639454400000,3776.75000000,3796.90000000,3686.67000000,3784.78000000,22806.32650000,1639468799999,85550263.49081500,70685,12124.71390000,45503380.34201900,0
1639468800000,3784.78000000,3849.00000000,3763.90000000,3840.28000000,37090.77770000,1639483199999,141134839.06519300,80606,19409.27980000,73853723.56306600,0
1639483200000,3840.28000000,3867.66000000,3764.10000000,3787.27000000,31809.12030000,1639497599999,121384118.60070300,89297,15472.65830000,59051696.34955000,0
1639497600000,3787.28000000,3804.07000000,3723.66000000,3771.10000000,28153.39890000,1639511999999,105951433.75561600,68859,16276.46200000,61197252.60545700,0
1639512000000,3770.61000000,3883.03000000,3769.69000000,3860.71000000,28914.49700000,1639526399999,111103034.48177300,75850,15565.82720000,59815991.73552800,0
1639526400000,3860.71000000,3897.00000000,3805.13000000,3848.66000000,17126.69390000,1639540799999,65872725.96918000,54620,8282.84860000,31870338.01600200,0
1639540800000,3848.66000000,3894.17000000,3826.09000000,3864.61000000,17621.97730000,1639555199999,68021889.04063600,54983,9955.06400000,38432113.29464000,0
1639555200000,3864.61000000,3901.87000000,3845.00000000,3852.54000000,17732.69780000,1639569599999,68689011.26394400,49620,9155.36760000,35463682.66970200,0
1639569600000,3852.54000000,3872.57000000,3655.04000000,3660.57000000,31254.46130000,1639583999999,117869899.50412500,89584,13262.29210000,50069076.31307400,0
1639584000000,3660.57000000,3988.63000000,3645.18000000,3970.56000000,67349.48480000,1639598399999,258316157.77617400,183743,38469.98140000,147800078.02885700,0
1639598400000,3970.43000000,4095.44000000,3966.62000000,4020.21000000,41158.19480000,1639612799999,166284719.57868300,118536,23409.73240000,94539546.43941800,0
1639612800000,4020.61000000,4059.19000000,4003.83000000,4019.11000000,13210.42860000,1639627199999,53312683.96026900,49085,7151.16830000,28866392.73633500,0
1639627200000,4019.12000000,4049.00000000,3980.70000000,4022.91000000,16071.77520000,1639641599999,64535032.99029000,52263,8333.90220000,33460660.48660600,0
1639641600000,4022.93000000,4084.05000000,4015.78000000,4071.20000000,25716.20080000,1639655999999,104132865.77269700,61115,11211.28060000,45355990.06330200,0
1639656000000,4071.20000000,4116.60000000,4010.46000000,4084.72000000,35492.27730000,1639670399999,144280520.60438200,100850,16954.96980000,68950055.64403000,0
1639670400000,4084.03000000,4111.79000000,3982.00000000,3998.34000000,29672.81490000,1639684799999,120090493.42751500,80981,13654.52410000,55327934.40039900,0
1639684800000,3998.34000000,4049.00000000,3952.37000000,3959.27000000,19110.82930000,1639699199999,76544548.17472100,57826,8715.31640000,34942364.93173600,0
1639699200000,3959.28000000,3994.40000000,3935.29000000,3968.72000000,12318.29230000,1639713599999,48892088.60360100,45419,6052.69460000,24030436.52025000,0
1639713600000,3968.71000000,3988.92000000,3854.06000000,3883.22000000,21885.28430000,1639727999999,85731754.30483900,63875,9352.16240000,36678694.74660600,0
1639728000000,3882.99000000,3897.64000000,3807.00000000,3835.50000000,27378.41530000,1639742399999,105386445.58916100,71903,14327.14490000,55131053.51769100,0
1639742400000,3835.50000000,3850.83000000,3700.00000000,3834.35000000,46864.52080000,1639756799999,176890631.37812300,134928,23267.26430000,87882685.48937100,0
1639756800000,3835.21000000,3945.96000000,3828.13000000,3882.47000000,35246.66920000,1639771199999,137057167.17621500,100086,18996.99160000,73909159.32243000,0
1639771200000,3882.47000000,3940.00000000,3826.11000000,3876.64000000,28574.85830000,1639785599999,110736594.70298100,79025,13304.18630000,51632976.66598700,0
1639785600000,3876.46000000,3906.66000000,3768.00000000,3878.58000000,28558.42490000,1639799999999,109716216.04476400,94211,14441.44030000,55527783.53094500,0
1639800000000,3878.80000000,3938.90000000,3841.83000000,3892.51000000,17987.78720000,1639814399999,70115278.18114600,61624,10019.17270000,39069247.96185700,0
1639814400000,3892.02000000,3994.29000000,3878.00000000,3958.72000000,21411.57590000,1639828799999,84403081.41602700,71205,12282.63970000,48427126.57507900,0
1639828800000,3959.35000000,3983.99000000,3926.98000000,3947.44000000,13386.29100000,1639843199999,52981274.43695200,50265,6920.18400000,27394162.06264200,0
1639843200000,3947.01000000,3968.00000000,3910.32000000,3945.13000000,12743.59270000,1639857599999,50225116.79059700,38650,5903.00880000,23264239.72651300,0
1639857600000,3945.14000000,3998.35000000,3928.44000000,3960.50000000,11698.94090000,1639871999999,46388348.44740000,39283,5693.49830000,22576293.03184400,0
1639872000000,3960.89000000,4034.00000000,3890.00000000,3990.44000000,19949.09300000,1639886399999,79018377.03196600,68124,10458.78990000,41489913.94983300,0
1639886400000,3990.43000000,4028.05000000,3968.66000000,3978.49000000,9827.67130000,1639900799999,39267590.51954400,40056,4881.69170000,19514436.23507000,0
1639900800000,3978.49000000,3990.01000000,3900.09000000,3926.66000000,15521.19290000,1639915199999,61095702.59944300,48646,6773.73530000,26670268.32798800,0
1639915200000,3926.66000000,3999.50000000,3900.28000000,3928.36000000,28474.84030000,1639929599999,112451593.46624000,82552,13643.25810000,53912143.72007900,0
1639929600000,3928.56000000,3952.76000000,3884.00000000,3915.42000000,13768.79300000,1639943999999,53956963.48393800,47970,6718.11680000,26338938.12829000,0
1639944000000,3915.44000000,3992.30000000,3898.64000000,3925.35000000,16141.66020000,1639958399999,63703486.92944500,49887,8234.90840000,32522235.21343200,0
1639958400000,3925.36000000,3984.24000000,3891.40000000,3906.99000000,21412.70780000,1639972799999,84061941.76701400,65774,10499.31310000,41222812.42045700,0
1639972800000,3907.01000000,3935.13000000,3809.00000000,3825.80000000,21872.08230000,1639987199999,84372896.41305300,67812,9311.10260000,35936038.96003400,0
1639987200000,3826.00000000,3835.69000000,3761.11000000,3814.45000000,25390.61220000,1640001599999,96435333.83006700,70804,12527.37820000,47584515.78880900,0
1640001600000,3814.43000000,3848.66000000,3755.00000000,3801.36000000,31498.68820000,1640015999999,119779474.44664200,85315,15776.53140000,60041023.73124500,0
1640016000000,3801.33000000,3883.26000000,3793.10000000,3873.00000000,21301.69700000,1640030399999,81849970.82272500,59044,11793.26380000,45333472.14533000,0
1640030400000,3873.17000000,3968.13000000,3873.17000000,3945.23000000,27204.50050000,1640044799999,106746289.01435100,73562,16811.20950000,65993802.62137800,0
1640044800000,3945.23000000,4024.00000000,3913.18000000,4007.48000000,24513.66080000,1640059199999,97129681.08968700,69525,14036.83700000,55687387.20427800,0
1640059200000,4007.48000000,4055.00000000,3991.58000000,4003.42000000,22444.59940000,1640073599999,90239773.39747400,69897,12154.93760000,48882715.98714700,0
1640073600000,4003.67000000,4039.16000000,3994.00000000,4026.03000000,13610.62790000,1640087999999,54744056.90135300,45749,7199.09210000,28955211.39941700,0
1640088000000,4026.03000000,4063.08000000,3963.84000000,3979.29000000,21326.80150000,1640102399999,85533453.39616500,61581,9637.21550000,38682210.88379000,0
1640102400000,3979.30000000,4014.27000000,3973.40000000,4009.21000000,8393.10060000,1640116799999,33526853.38668900,33375,4667.09560000,18644651.27879800,0
1640116800000,4008.83000000,4043.49000000,3998.24000000,4015.99000000,11108.10220000,1640131199999,44683717.81432100,36229,5771.88520000,23219053.18683400,0
1640131200000,4015.97000000,4075.98000000,3993.27000000,4050.86000000,13626.28830000,1640145599999,55089567.75394500,46580,7460.46260000,30175837.68592900,0
1640145600000,4050.61000000,4060.72000000,4031.93000000,4049.17000000,7882.18920000,1640159999999,31903809.35614000,29743,3762.64640000,15231623.47285000,0
1640160000000,4049.15000000,4063.88000000,4005.95000000,4023.81000000,10887.69490000,1640174399999,43890800.80573700,43713,4970.88330000,20043810.58039900,0
1640174400000,4024.09000000,4032.00000000,3933.91000000,4008.32000000,25742.78920000,1640188799999,102449043.40828700,75592,11172.53540000,44482121.28106900,0
1640188800000,4008.29000000,4034.93000000,3955.53000000,3999.19000000,12853.44800000,1640203199999,51383777.27968400,46071,6207.20610000,24813671.15912600,0
1640203200000,3998.84000000,4021.62000000,3975.53000000,3981.04000000,8381.61200000,1640217599999,33541039.44375900,32689,3996.67500000,15994795.89861900,0
1640217600000,3981.10000000,4008.00000000,3911.00000000,3962.31000000,21215.29620000,1640231999999,83889773.23902400,71885,10494.53740000,41507076.18747900,0
1640232000000,3962.30000000,3973.46000000,3902.54000000,3913.25000000,10837.26570000,1640246399999,42739671.15150600,41766,5231.98210000,20643887.28809100,0
1640246400000,3913.41000000,3956.76000000,3888.38000000,3935.28000000,17364.37750000,1640260799999,68174317.17625700,60205,9027.45480000,35463397.09577600,0
1640260800000,3935.87000000,3966.80000000,3927.06000000,3951.00000000,13300.47990000,1640275199999,52508697.36150700,46203,7653.72250000,30218958.38960800,0
1640275200000,3951.00000000,4153.18000000,3946.19000000,4134.47000000,41115.43440000,1640289599999,167078914.05237000,115458,23706.61180000,96245220.56369000,0
1640289600000,4134.99000000,4144.08000000,4088.00000000,4112.30000000,10838.35740000,1640303999999,44578050.81714800,45767,4782.30070000,19672170.34354800,0
1640304000000,4112.45000000,4130.00000000,4076.35000000,4094.18000000,11432.09720000,1640318399999,46984431.23356300,40084,6276.49770000,25801658.91202800,0
1640318400000,4093.79000000,4101.37000000,4062.59000000,4090.43000000,6125.04310000,1640332799999,25046125.40187400,27794,2741.05880000,11209857.28781100,0
1640332800000,4090.63000000,4120.00000000,4073.07000000,4080.81000000,10479.68810000,1640347199999,42963334.30616200,47878,5539.20750000,22711269.26724900,0
1640347200000,4080.81000000,4115.00000000,4052.54000000,4096.00000000,12738.05400000,1640361599999,52036169.01721000,53990,6079.17600000,24839749.98674000,0
1640361600000,4096.00000000,4136.00000000,4072.88000000,4080.58000000,13564.47250000,1640375999999,55658130.12627700,59408,6601.37390000,27093693.23737900,0
1640376000000,4080.58000000,4081.30000000,4020.30000000,4048.71000000,12590.29330000,1640390399999,51070063.06062400,50975,5392.07610000,21875714.75041700,0
1640390400000,4048.46000000,4077.74000000,4022.23000000,4040.90000000,7999.18090000,1640404799999,32399794.31339500,34482,3589.67090000,14545374.85250700,0
1640404800000,4040.90000000,4064.28000000,4029.00000000,4055.21000000,5338.62580000,1640419199999,21618200.57627800,25553,2736.53280000,11086008.61797300,0
1640419200000,4055.22000000,4064.47000000,4024.10000000,4052.99000000,6097.15020000,1640433599999,24685019.14452600,30090,2868.23010000,11615662.08158500,0
1640433600000,4053.00000000,4106.70000000,4052.99000000,4081.89000000,10266.88610000,1640447999999,41891555.46696700,40037,5928.06990000,24193359.22763300,0
1640448000000,4081.88000000,4102.00000000,4040.00000000,4079.64000000,11397.13860000,1640462399999,46421890.93357700,45786,5848.99680000,23837780.36537600,0
1640462400000,4079.55000000,4140.00000000,4076.02000000,4096.22000000,13109.23620000,1640476799999,53879656.44640400,45517,6646.06650000,27315018.54787300,0
1640476800000,4096.48000000,4104.15000000,4008.73000000,4015.49000000,14864.80660000,1640491199999,60380230.59854900,47935,6137.46540000,24940543.41162300,0
1640491200000,4015.15000000,4041.98000000,4006.28000000,4039.37000000,6563.29650000,1640505599999,26420931.73002200,27892,2904.42750000,11694263.96453900,0
1640505600000,4039.36000000,4060.00000000,4014.20000000,4035.59000000,7998.30610000,1640519999999,32320681.03843600,33036,3868.86190000,15641391.49304700,0
1640520000000,4035.32000000,4069.00000000,4025.01000000,4055.71000000,6384.33090000,1640534399999,25836098.06069900,29724,3382.53870000,13690253.30837900,0
1640534400000,4055.76000000,4082.56000000,4050.58000000,4078.02000000,5622.48160000,1640548799999,22891535.35176400,27008,3209.43770000,13066099.71097400,0
1640548800000,4078.02000000,4106.90000000,4045.17000000,4065.30000000,10171.36080000,1640563199999,41506099.04361600,39919,5574.40920000,22759531.71272200,0
1640563200000,4065.59000000,4089.00000000,4050.00000000,4082.21000000,6986.20070000,1640577599999,28447222.45938200,31082,3360.00760000,13682676.33970200,0
1640577600000,4082.20000000,4082.60000000,4050.00000000,4053.10000000,6853.01720000,1640591999999,27864882.82576200,26962,2222.18480000,9036922.17703600,0
1640592000000,4053.25000000,4068.00000000,4034.84000000,4062.35000000,7314.37030000,1640606399999,29640324.41735900,31586,3154.97070000,12789908.85957200,0
1640606400000,4062.36000000,4115.70000000,4046.71000000,4094.72000000,18143.05900000,1640620799999,74218859.86949700,54945,9130.39880000,37341558.85329900,0
1640620800000,4094.94000000,4130.00000000,4077.34000000,4080.42000000,12355.68410000,1640635199999,50683166.32130700,48934,5774.24760000,23695367.26406800,0
1640635200000,4080.41000000,4094.37000000,4033.35000000,4039.65000000,10317.33080000,1640649599999,41938788.33391300,44128,4126.46710000,16783061.94677700,0
1640649600000,4039.65000000,4039.65000000,3933.58000000,3961.96000000,23017.66660000,1640663999999,91888279.34122800,78710,10219.65920000,40801303.74684400,0
1640664000000,3961.81000000,3961.81000000,3880.33000000,3919.21000000,18986.19650000,1640678399999,74314412.82037300,64250,9036.07840000,35373397.58507300,0
1640678400000,3919.02000000,3934.85000000,3885.48000000,3922.38000000,18316.78320000,1640692799999,71607822.61162700,53940,9007.64790000,35214623.50756300,0
1640692800000,3922.33000000,3934.00000000,3850.00000000,3899.66000000,22182.27810000,1640707199999,86533930.75317400,62253,11730.04400000,45765040.86091800,0
1640707200000,3899.00000000,3902.78000000,3760.22000000,3808.23000000,35588.93680000,1640721599999,135839119.76669200,100118,17657.05190000,67387066.58420300,0
1640721600000,3808.38000000,3844.77000000,3791.30000000,3793.79000000,11721.79710000,1640735999999,44718086.50759500,42896,6269.01700000,23921011.06543400,0
1640736000000,3793.55000000,3828.02000000,3785.00000000,3816.68000000,12956.27660000,1640750399999,49360805.87498900,36519,6699.56200000,25535830.33031000,0
1640750400000,3816.60000000,3822.61000000,3788.00000000,3797.17000000,6409.78260000,1640764799999,24371254.93863800,28179,3155.31050000,11997184.13066000,0
1640764800000,3797.14000000,3825.00000000,3767.08000000,3791.74000000,14668.98640000,1640779199999,55698053.88473500,46097,6605.60430000,25080487.11793300,0
1640779200000,3791.73000000,3802.40000000,3697.35000000,3796.22000000,33977.04710000,1640793599999,127484114.86058200,107763,16150.45260000,60617172.88881200,0
1640793600000,3796.21000000,3799.91000000,3713.77000000,3726.63000000,13300.17340000,1640807999999,49958997.34045100,46063,6599.24020000,24798196.08856900,0
1640808000000,3726.21000000,3768.23000000,3605.00000000,3630.81000000,31200.73960000,1640822399999,114975505.87816300,83413,14855.94470000,54771467.10569100,0
1640822400000,3630.81000000,3670.51000000,3580.00000000,3650.18000000,23880.26410000,1640836799999,86863718.14876900,65155,12248.91440000,44575187.26517700,0
1640836800000,3650.17000000,3719.44000000,3648.35000000,3709.05000000,11653.73180000,1640851199999,42952278.77391800,39767,6611.04770000,24357317.99892700,0
1640851200000,3709.16000000,3748.25000000,3678.60000000,3738.03000000,14347.66890000,1640865599999,53206652.19885600,40939,6900.15760000,25602698.09643100,0
1640865600000,3738.83000000,3750.50000000,3702.19000000,3708.90000000,14307.53550000,1640879999999,53309553.48625100,43127,7335.78030000,27329839.59144700,0
1640880000000,3709.51000000,3768.36000000,3705.79000000,3750.82000000,14452.76400000,1640894399999,54134971.36087100,40662,7544.85520000,28265625.03758000,0
1640894400000,3751.03000000,3759.81000000,3683.59000000,3709.85000000,12098.37620000,1640908799999,45046982.29977600,40032,5381.77930000,20037389.25186700,0
1640908800000,3709.55000000,3747.71000000,3683.81000000,3743.40000000,11236.28950000,1640923199999,41785339.92323300,42426,5786.27810000,21523152.36313200,0
1640923200000,3743.40000000,3761.75000000,3687.50000000,3721.12000000,12409.18860000,1640937599999,46286924.18856000,37094,6446.50240000,24038011.01318000,0
1640937600000,3721.80000000,3815.00000000,3714.84000000,3781.18000000,24717.93240000,1640951999999,93547870.45626600,63423,13224.91570000,50027065.89360200,0
1640952000000,3781.25000000,3815.91000000,3773.10000000,3784.57000000,15030.31590000,1640966399999,56977949.05531900,36446,9549.96600000,36201988.51364100,0
1640966400000,3784.40000000,3787.90000000,3622.64000000,3626.28000000,21449.65720000,1640980799999,79572605.59664000,60073,11067.90120000,41071412.36444400,0
1640980800000,3626.26000000,3712.85000000,3622.00000000,3676.45000000,11802.85300000,1640995199999,43298949.61841400,38420,5133.04360000,18825252.16396900,0
1640995200000,3676.81000000,3748.43000000,3676.63000000,3724.03000000,9802.54350000,1641009599999,36481511.38264300,31902,4617.30200000,17185865.88446100,0
1641009600000,3724.36000000,3764.40000000,3701.72000000,3715.76000000,8724.99860000,1641023999999,32509045.80479500,32875,4422.49120000,16485376.88163200,0
1641024000000,3715.78000000,3733.11000000,3673.53000000,3694.14000000,6722.23040000,1641038399999,24921969.52591800,29735,3269.32090000,12122324.08142500,0
1641038400000,3694.01000000,3745.42000000,3693.47000000,3725.28000000,6896.20050000,1641052799999,25634756.74826900,27237,3383.61130000,12578717.50003000,0
1641052800000,3725.28000000,3766.13000000,3718.95000000,3747.77000000,10615.13610000,1641067199999,39766247.91783200,34615,5876.34940000,22005353.31264600,0
1641067200000,3747.79000000,3777.00000000,3740.15000000,3766.05000000,7061.77020000,1641081599999,26552650.66167600,26157,4140.23710000,15571834.65688300,0
1641081600000,3766.06000000,3771.38000000,3743.00000000,3759.21000000,5850.48820000,1641095999999,21972250.27689500,21547,2849.30060000,10700756.73453300,0
1641096000000,3759.21000000,3762.24000000,3717.98000000,3748.01000000,6722.16300000,1641110399999,25136251.27203800,23351,2990.00520000,11182590.99776200,0
1641110400000,3748.01000000,3770.00000000,3733.45000000,3744.48000000,5170.85960000,1641124799999,19398013.96426900,21236,2818.61960000,10571221.70479400,0
1641124800000,3744.48000000,3788.93000000,3731.03000000,3779.16000000,7911.15380000,1641139199999,29729635.09148900,29507,4559.69930000,17134820.33962100,0
1641139200000,3778.80000000,3859.00000000,3772.30000000,3799.48000000,18585.04260000,1641153599999,70866777.73081200,54209,10584.59470000,40373431.62820700,0
1641153600000,3799.73000000,3841.09000000,3794.61000000,3829.44000000,6972.90300000,1641167999999,26633424.11191100,26358,3888.00250000,14848996.07073200,0
1641168000000,3829.32000000,3829.60000000,3776.62000000,3786.46000000,9832.82160000,1641182399999,37401582.16343700,30090,5004.64870000,19038927.38380400,0
1641182400000,3785.90000000,3824.42000000,3781.81000000,3808.60000000,7004.60450000,1641196799999,26651002.67552700,26381,3775.70250000,14366696.47810600,0
1641196800000,3808.60000000,3844.23000000,3791.22000000,3835.22000000,9043.33370000,1641211199999,34548976.42452500,31649,4564.09390000,17443054.29751500,0
1641211200000,3835.21000000,3852.81000000,3776.39000000,3784.79000000,13049.90900000,1641225599999,49800487.37288900,45007,5922.18830000,22611909.31838200,0
1641225600000,3784.35000000,3795.73000000,3736.08000000,3739.18000000,12435.25370000,1641239999999,46721946.23811800,41941,6218.61560000,23365977.81921800,0
1641240000000,3739.17000000,3778.56000000,3682.00000000,3765.57000000,14697.41770000,1641254399999,54745704.85993800,48990,7550.09930000,28149294.82618100,0
1641254400000,3766.08000000,3774.49000000,3714.50000000,3744.03000000,8126.39440000,1641268799999,30408194.26280600,32302,4030.36110000,15083479.76535700,0
1641268800000,3744.25000000,3764.67000000,3727.26000000,3764.00000000,6651.13640000,1641283199999,24923160.60104500,26683,3626.72250000,13591010.81729100,0
1641283200000,3764.00000000,3840.00000000,3757.82000000,3836.15000000,14597.18800000,1641297599999,55492363.56638700,45396,8783.65880000,33389829.50595800,0
1641297600000,3836.43000000,3893.61000000,3815.33000000,3849.46000000,18693.69500000,1641311999999,72109564.04265000,58695,10372.93260000,40017305.94753900,0
1641312000000,3849.46000000,3863.99000000,3758.06000000,3811.63000000,23406.43180000,1641326399999,89344297.87517000,70752,11507.09110000,43940702.09239100,0
1641326400000,3811.86000000,3831.78000000,3783.71000000,3784.39000000,10101.40670000,1641340799999,38505979.26505300,34226,4072.84830000,15528510.33258800,0
1641340800000,3784.86000000,3826.18000000,3765.59000000,3809.37000000,7583.88790000,1641355199999,28814960.91071000,30524,4049.20140000,15390865.51037200,0
1641355200000,3809.37000000,3822.02000000,3797.36000000,3815.87000000,5077.07620000,1641369599999,19347026.25671200,21700,2464.96350000,9394774.06237300,0
1641369600000,3815.86000000,3847.39000000,3781.10000000,3791.52000000,10729.41050000,1641383999999,40927869.97316800,38970,5352.68710000,20424796.75796400,0
1641384000000,3791.53000000,3833.03000000,3760.00000000,3820.83000000,16069.96320000,1641398399999,61097381.06470200,56894,8212.51470000,31236260.68689900,0
1641398400000,3820.84000000,3823.03000000,3645.19000000,3654.24000000,31921.42940000,1641412799999,119157703.24620700,98581,15411.71360000,57546652.38786700,0
1641412800000,3654.69000000,3664.05000000,3416.01000000,3539.63000000,57088.96890000,1641427199999,203440837.09436100,176659,28596.81160000,101925556.34188800,0
1641427200000,3539.64000000,3550.49000000,3445.74000000,3448.49000000,26073.82590000,1641441599999,91488641.41865500,79564,14408.15850000,50539206.17104000,0
1641441600000,3448.64000000,3479.07000000,3406.50000000,3452.60000000,26642.13020000,1641455999999,91816390.36921700,89228,14183.40630000,48887411.38579800,0
1641456000000,3452.75000000,3455.19000000,3298.72000000,3348.83000000,39534.53960000,1641470399999,132948668.82951800,126374,19478.34160000,65482068.53568400,0
1641470400000,3348.82000000,3424.68000000,3317.39000000,3396.05000000,29840.32620000,1641484799999,100906128.94613600,91727,14338.82990000,48457116.90534500,0
1641484800000,3396.23000000,3460.90000000,3381.88000000,3447.41000000,18636.87450000,1641499199999,63750831.27532200,64665,10213.39910000,34938869.10812700,0
1641499200000,3447.13000000,3457.97000000,3405.00000000,3406.55000000,9982.78420000,1641513599999,34218158.44493200,36938,4822.82820000,16529954.33413700,0
1641513600000,3406.69000000,3416.19000000,3227.52000000,3237.76000000,33797.83230000,1641527999999,112068851.29588600,92830,17158.86320000,56867723.64990000,0
1641528000000,3237.77000000,3250.55000000,3114.45000000,3201.39000000,59650.71380000,1641542399999,190238868.42708900,160908,30020.08080000,95744276.90367000,0
1641542400000,3201.38000000,3283.40000000,3185.19000000,3224.67000000,30542.18070000,1641556799999,98830874.16500100,94545,16061.75510000,51970991.26208900,0
1641556800000,3224.67000000,3267.00000000,3062.10000000,3131.52000000,57336.91960000,1641571199999,182305181.21893400,150622,27131.48840000,86311720.05029300,0
1641571200000,3131.02000000,3222.30000000,3090.84000000,3196.57000000,36667.47770000,1641585599999,116194293.51960100,95382,18754.10750000,59436420.50410500,0
1641585600000,3196.58000000,3224.00000000,3165.50000000,3197.44000000,14463.85220000,1641599999999,46315551.55080100,45995,7792.49780000,24960659.46292600,0
1641600000000,3197.68000000,3245.48000000,3181.00000000,3203.35000000,15096.56670000,1641614399999,48503644.14941500,47992,7805.04120000,25082670.88150200,0
1641614400000,3203.19000000,3228.00000000,3191.70000000,3215.42000000,8763.48310000,1641628799999,28152949.69790200,35042,4803.21570000,15432041.35448300,0
1641628800000,3215.31000000,3247.40000000,3206.35000000,3220.29000000,13198.95000000,1641643199999,42557324.29059200,42451,7295.45440000,23529929.17611600,0
1641643200000,3219.94000000,3230.00000000,3146.70000000,3160.36000000,17019.64370000,1641657599999,54186744.10278100,55843,8289.69660000,26398168.14916900,0
1641657600000,3160.36000000,3179.66000000,3000.00000000,3028.90000000,53965.67750000,1641671999999,165309407.09598800,140246,25544.73950000,78172563.57932300,0
1641672000000,3028.89000000,3132.99000000,3003.68000000,3080.63000000,24016.40390000,1641686399999,73727336.91236200,76189,12757.74440000,39171542.02412400,0
1641686400000,3080.82000000,3146.38000000,3058.43000000,3120.83000000,20779.41280000,1641700799999,64677071.05213900,56367,11016.73080000,34280420.08345300,0
1641700800000,3120.82000000,3146.57000000,3116.62000000,3128.06000000,12070.89660000,1641715199999,37806328.14773300,32831,6392.04360000,20022398.32643200,0
1641715200000,3128.10000000,3139.46000000,3084.40000000,3128.70000000,13897.29400000,1641729599999,43236559.68368200,44742,7424.93590000,23110682.96036800,0
1641729600000,3128.70000000,3134.90000000,3074.14000000,3097.78000000,13543.17430000,1641743999999,42001403.18865100,45339,7003.55610000,21722460.31202700,0
1641744000000,3097.77000000,3208.60000000,3092.20000000,3204.07000000,23417.48700000,1641758399999,74061928.90419200,62543,12862.67920000,40689192.67768600,0
1641758400000,3204.13000000,3211.29000000,3145.03000000,3151.69000000,11389.27450000,1641772799999,36277258.37454700,39076,6066.44740000,19326355.83713100,0
1641772800000,3152.37000000,3170.45000000,3127.78000000,3155.48000000,12575.49030000,1641787199999,39609410.61934300,39613,6999.36930000,22049368.91998800,0
1641787200000,3154.94000000,3183.60000000,3152.07000000,3163.37000000,12121.65490000,1641801599999,38407010.40079800,35605,6692.86660000,21209039.28227100,0
1641801600000,3163.38000000,3169.88000000,3094.85000000,3104.84000000,21695.38830000,1641815999999,67935254.73354600,57938,9818.88930000,30744362.63573000,0
1641816000000,3104.85000000,3110.69000000,2928.63000000,3006.17000000,92761.61100000,1641830399999,278747937.99201400,200883,44369.39120000,133282377.76735800,0
1641830400000,3006.27000000,3094.69000000,2971.39000000,3030.00000000,59393.09500000,1641844799999,180261862.98482800,138235,31251.04250000,94920382.99909500,0
1641844800000,3030.22000000,3095.50000000,3020.00000000,3082.42000000,15159.94480000,1641859199999,46460928.96704100,49737,7946.43480000,24353599.11575700,0
1641859200000,3082.70000000,3128.90000000,3052.37000000,3119.99000000,16358.77300000,1641873599999,50627049.12389200,46747,8917.98320000,27602195.72655600,0
1641873600000,3119.99000000,3136.32000000,3098.03000000,3129.54000000,10353.75710000,1641887999999,32233166.46397500,33849,5377.74480000,16745006.38407000,0
1641888000000,3129.55000000,3146.17000000,3089.06000000,3111.48000000,20881.08700000,1641902399999,65080886.46708900,57808,10189.52830000,31763874.63997100,0
1641902400000,3111.47000000,3157.64000000,3075.84000000,3134.00000000,31187.59900000,1641916799999,97257777.70699700,80033,16695.16790000,52061729.07682400,0
1641916800000,3134.15000000,3263.99000000,3130.22000000,3238.12000000,47631.13770000,1641931199999,153220978.32401700,104612,25515.29990000,82049775.04080300,0
1641931200000,3238.12000000,3249.20000000,3224.60000000,3240.72000000,11570.16510000,1641945599999,37462416.82382800,34153,5675.08910000,18375744.68349000,0
1641945600000,3240.58000000,3260.60000000,3218.04000000,3235.34000000,12269.08390000,1641959999999,39712050.91958300,35327,5890.90260000,19070935.71767200,0
1641960000000,3235.34000000,3262.32000000,3206.76000000,3217.75000000,16673.38900000,1641974399999,53857264.98480500,42647,8580.33220000,27728522.67545000,0
1641974400000,3217.75000000,3296.10000000,3215.91000000,3273.22000000,24847.81620000,1641988799999,80972256.05553700,65627,14735.14870000,47998520.71722300,0
1641988800000,3273.23000000,3388.63000000,3269.30000000,3362.68000000,47606.46050000,1642003199999,159175781.75568700,117885,24327.29120000,81310092.69524200,0
1642003200000,3363.08000000,3394.00000000,3336.00000000,3383.26000000,17294.55720000,1642017599999,58279845.80474200,57822,8603.67180000,29001391.07148200,0
1642017600000,3383.27000000,3412.11000000,3357.29000000,3372.96000000,13672.51260000,1642031999999,46215171.90340500,43841,7473.84180000,25270330.09896300,0
1642032000000,3372.58000000,3385.87000000,3315.86000000,3339.59000000,13265.49250000,1642046399999,44404875.37126100,43208,6279.90660000,21024585.06960300,0
1642046400000,3339.58000000,3354.34000000,3324.88000000,3341.61000000,8686.36710000,1642060799999,29013435.75145900,31651,4561.15680000,15236058.04073900,0
1642060800000,3341.61000000,3381.40000000,3330.00000000,3335.47000000,13340.30640000,1642075199999,44779190.04727500,45581,6965.25730000,23386258.77866500,0
1642075200000,3335.47000000,3411.50000000,3272.42000000,3302.62000000,36107.31740000,1642089599999,120722743.11625400,93085,17465.33420000,58438032.27672700,0
1642089600000,3302.62000000,3319.51000000,3250.00000000,3273.07000000,27982.87320000,1642103999999,91871437.17062800,79901,14412.07970000,47325261.92219300,0
1642104000000,3272.64000000,3278.50000000,3233.75000000,3241.86000000,13592.99530000,1642118399999,44264988.12264500,43127,6731.47870000,21926058.80037600,0
1642118400000,3241.99000000,3276.15000000,3223.80000000,3268.29000000,11019.91910000,1642132799999,35900352.75870000,42161,6126.14170000,19962860.53344900,0
1642132800000,3267.96000000,3313.39000000,3265.23000000,3270.31000000,14519.16380000,1642147199999,47747025.49412600,41947,7689.65990000,25291600.85988700,0
1642147200000,3270.32000000,3275.70000000,3196.50000000,3202.88000000,22637.40360000,1642161599999,73235192.85624500,63077,10632.50340000,34404568.83426700,0
1642161600000,3202.87000000,3301.28000000,3188.08000000,3279.34000000,28139.21790000,1642175999999,91481255.97236900,78870,14905.15770000,48480215.13574900,0
1642176000000,3279.33000000,3329.10000000,3260.00000000,3309.38000000,17901.39230000,1642190399999,58946401.08998200,53390,8288.07840000,27288696.70615700,0
1642190400000,3309.24000000,3345.01000000,3294.26000000,3308.87000000,11032.43390000,1642204799999,36572872.83091500,36294,4960.45970000,16446965.74753400,0
1642204800000,3308.77000000,3327.09000000,3296.40000000,3308.57000000,6716.73210000,1642219199999,22254376.87666800,24812,3630.08380000,12029781.56918800,0
1642219200000,3308.57000000,3321.77000000,3295.10000000,3314.65000000,6097.31040000,1642233599999,20176995.19513300,27214,2813.57450000,9310981.81581900,0
1642233600000,3314.65000000,3339.62000000,3311.15000000,3320.23000000,6903.32280000,1642247999999,22943541.58591100,27565,3347.32960000,11127695.68239500,0
1642248000000,3320.23000000,3373.00000000,3261.80000000,3363.03000000,23009.23440000,1642262399999,76325963.62537400,67193,11649.23740000,38668942.43552400,0
1642262400000,3363.14000000,3374.31000000,3341.00000000,3351.06000000,7193.18900000,1642276799999,24135389.44576500,34278,3235.21100000,10856656.53863400,0
1642276800000,3350.82000000,3371.00000000,3325.60000000,3327.75000000,6913.98750000,1642291199999,23129795.35153100,30633,3371.87550000,11283192.97595400,0
1642291200000,3327.75000000,3338.49000000,3295.57000000,3314.91000000,7347.65850000,1642305599999,24396058.71336900,33145,3092.06730000,10266359.94002200,0
1642305600000,3315.02000000,3340.00000000,3305.70000000,3333.23000000,6128.75910000,1642319999999,20373384.90779500,25374,2987.00300000,9932726.28641100,0
1642320000000,3333.23000000,3338.00000000,3286.01000000,3313.56000000,8733.35460000,1642334399999,28952338.66576600,35027,4268.17440000,14155229.03358400,0
1642334400000,3313.56000000,3363.43000000,3275.55000000,3354.13000000,20854.10640000,1642348799999,69449951.05115900,65060,11797.52840000,39316178.36666100,0
1642348800000,3354.51000000,3394.50000000,3313.33000000,3321.82000000,12562.58130000,1642363199999,42173370.61680800,49253,6379.62280000,21427646.69010000,0
1642363200000,3322.12000000,3363.32000000,3312.01000000,3348.00000000,6847.78830000,1642377599999,22883671.68362900,29146,3325.57830000,11115059.27162900,0
1642377600000,3348.20000000,3358.73000000,3258.12000000,3260.08000000,12628.18640000,1642391999999,41828548.02032000,43872,5779.45190000,19150390.86642000,0
1642392000000,3260.13000000,3301.47000000,3237.39000000,3272.37000000,19530.85710000,1642406399999,63838538.69607100,50910,9220.08780000,30147426.06502600,0
1642406400000,3272.49000000,3283.00000000,3252.69000000,3257.30000000,14453.38220000,1642420799999,47238354.71616000,42023,6164.86270000,20150995.00891500,0
1642420800000,3257.22000000,3281.76000000,3223.04000000,3237.51000000,17010.95370000,1642435199999,55390184.71257800,55454,7743.48610000,25220690.90674300,0
1642435200000,3237.93000000,3247.94000000,3181.16000000,3219.83000000,16959.13100000,1642449599999,54510498.75421700,56493,8772.13560000,28195999.46958500,0
1642449600000,3220.16000000,3225.79000000,3142.56000000,3210.26000000,12696.91310000,1642463999999,40466259.05365800,47182,5849.31270000,18651368.83332000,0
1642464000000,3210.44000000,3244.91000000,3177.17000000,3183.65000000,11241.92690000,1642478399999,36137527.01355900,37402,5997.07010000,19289345.82958900,0
1642478400000,3183.64000000,3207.18000000,3164.32000000,3188.55000000,13221.71690000,1642492799999,42157312.87119500,35990,7625.49550000,24321156.38717400,0
1642492800000,3188.84000000,3192.56000000,3128.43000000,3172.00000000,23966.95140000,1642507199999,75821310.98293700,59734,12533.32390000,39655701.13462400,0
1642507200000,3172.00000000,3181.80000000,3100.50000000,3117.15000000,33077.69590000,1642521599999,103636431.25657700,80415,18653.17690000,58451632.03518400,0
1642521600000,3117.14000000,3140.72000000,3083.17000000,3128.64000000,17654.85450000,1642535999999,54955474.56480300,57865,9210.12270000,28680212.42266800,0
1642536000000,3128.50000000,3193.87000000,3100.83000000,3160.87000000,13944.55800000,1642550399999,43929977.92974500,45896,7871.13620000,24809588.33975500,0
1642550400000,3160.87000000,3176.09000000,3089.04000000,3100.04000000,18671.82590000,1642564799999,58503313.76744400,50108,8715.90810000,27310092.97083100,0
1642564800000,3100.04000000,3114.75000000,3048.01000000,3062.27000000,19847.06600000,1642579199999,61256866.14949400,53593,10460.98050000,32294360.35679900,0
1642579200000,3062.27000000,3130.00000000,3047.23000000,3118.12000000,25752.64460000,1642593599999,79451756.24450200,69830,14512.92970000,44781753.59299500,0
1642593600000,3118.12000000,3162.00000000,3111.71000000,3124.12000000,18839.49720000,1642607999999,59043294.40643000,58478,9536.85410000,29892845.71530100,0
1642608000000,3124.04000000,3159.02000000,3083.73000000,3129.02000000,18454.36600000,1642622399999,57606909.75658800,61264,9433.97090000,29464115.77740700,0
1642622400000,3129.27000000,3139.38000000,3083.51000000,3085.12000000,10211.37790000,1642636799999,31822942.22508600,37387,4496.12990000,14014757.44314900,0
1642636800000,3085.11000000,3132.93000000,3084.82000000,3126.05000000,7732.99290000,1642651199999,24086061.57666300,32991,4416.86350000,13761416.31809000,0
1642651200000,3126.10000000,3154.89000000,3112.61000000,3139.05000000,8403.44560000,1642665599999,26350112.70617900,31435,5026.74620000,15762254.35739500,0
1642665600000,3139.28000000,3155.17000000,3117.85000000,3152.61000000,11411.20440000,1642679999999,35823070.94291000,33471,6042.59300000,18968710.75166900,0
1642680000000,3152.61000000,3270.52000000,3128.15000000,3261.31000000,38806.72570000,1642694399999,124103671.30525200,76538,20936.45310000,66943670.96148700,0
1642694400000,3261.90000000,3272.70000000,3204.81000000,3216.06000000,20732.32050000,1642708799999,67060390.22652000,48625,10451.00680000,33796081.32719500,0
1642708800000,3216.05000000,3219.69000000,2988.41000000,3002.03000000,45978.69170000,1642723199999,142534244.98286500,121153,18387.38760000,57074394.17394900,0
1642723200000,3002.03000000,3033.49000000,2810.00000000,2837.53000000,72944.76430000,1642737599999,212252929.03795900,185369,35432.79620000,103122457.84029000,0
1642737600000,2837.63000000,2895.68000000,2833.67000000,2883.45000000,30857.54030000,1642751999999,88332019.18324900,91277,15808.14800000,45252228.44957400,0
1642752000000,2883.45000000,2899.99000000,2835.00000000,2847.93000000,27018.44660000,1642766399999,77617649.33720600,84054,14365.30600000,41267252.26413800,0
1642766400000,2847.94000000,2854.91000000,2732.48000000,2830.65000000,73877.64230000,1642780799999,206439188.43529900,162397,39228.92880000,109664150.62317600,0
1642780800000,2830.65000000,2861.16000000,2738.62000000,2742.13000000,32430.12130000,1642795199999,90548105.41135300,98108,16201.53420000,45234953.67622600,0
1642795200000,2742.32000000,2764.44000000,2460.00000000,2568.12000000,95496.14778000,1642809599999,250023391.55222690,226261,47713.74189000,124913749.32094610,0
1642809600000,2568.39000000,2626.42000000,2541.93000000,2568.43000000,47761.94930000,1642823999999,123737229.38374300,133961,24341.69420000,63059344.48253400,0
1642824000000,2568.10000000,2578.28000000,2425.95000000,2465.20000000,51599.43779000,1642838399999,129385952.17912830,139616,24963.56670000,62579689.06526900,0
1642838400000,2464.52000000,2505.13000000,2300.00000000,2431.15000000,92905.27738000,1642852799999,223868692.76688740,185575,48427.96436000,116767704.84761710,0
1642852800000,2432.01000000,2518.61000000,2382.00000000,2387.01000000,44411.17600000,1642867199999,108906797.57908200,95930,21908.06270000,53748955.08145700,0
1642867200000,2387.68000000,2465.18000000,2320.00000000,2337.76000000,47110.74830000,1642881599999,112315547.10051400,122585,23880.98260000,56956239.93427600,0
1642881600000,2337.76000000,2471.92000000,2319.90000000,2411.50000000,30248.91170000,1642895999999,72834756.65885900,73867,15984.81510000,38504181.38479000,0
1642896000000,2412.39000000,2463.14000000,2386.35000000,2417.24000000,24598.62970000,1642910399999,59703720.41989400,58060,13083.20540000,31761261.38261700,0
1642910400000,2417.00000000,2501.94000000,2407.64000000,2488.16000000,32449.53020000,1642924799999,79692574.66374200,79443,18144.73420000,44569277.44005500,0
1642924800000,2488.15000000,2551.90000000,2477.00000000,2498.28000000,35142.07740000,1642939199999,88357760.69382100,98156,18361.89440000,46172413.00387800,0
1642939200000,2498.67000000,2514.99000000,2406.40000000,2432.98000000,32866.09890000,1642953599999,80959623.11646000,75259,15567.68410000,38377294.83977200,0
1642953600000,2432.74000000,2454.64000000,2376.00000000,2384.36000000,24384.99520000,1642967999999,59046940.86403900,64534,12078.10340000,29256223.73405000,0
1642968000000,2384.10000000,2548.00000000,2370.96000000,2539.63000000,36623.21900000,1642982399999,90542831.80448300,81464,20344.71030000,50347611.43745000,0
1642982400000,2539.60000000,2539.97000000,2433.54000000,2460.39000000,29195.17920000,1642996799999,72331137.34606800,76705,13026.96100000,32299307.69914200,0
1642996800000,2460.39000000,2471.22000000,2381.47000000,2387.31000000,24830.79540000,1643011199999,60281904.40120300,69304,11597.37410000,28147483.93606600,0
1643011200000,2387.31000000,2444.62000000,2201.71000000,2239.12000000,103066.71951000,1643025599999,237432130.30064230,230107,52557.95393000,121007682.95364040,0
1643025600000,2238.79000000,2286.40000000,2158.72000000,2275.00000000,102942.45288000,1643039999999,227832378.03385550,204784,52755.43007000,116789250.97642400,0
1643040000000,2275.19000000,2407.54000000,2214.07000000,2380.00000000,74535.85720000,1643054399999,173003443.46024200,158140,39673.69070000,92172017.96538500,0
1643054400000,2380.00000000,2481.65000000,2367.43000000,2440.37000000,33849.19150000,1643068799999,82383225.29612300,84276,16705.33890000,40635170.17591300,0
1643068800000,2440.36000000,2442.88000000,2378.49000000,2416.84000000,20856.59440000,1643083199999,50206924.77249800,60748,9675.43110000,23280897.31830900,0
1643083200000,2416.61000000,2422.00000000,2351.41000000,2384.26000000,18287.83180000,1643097599999,43559632.99416700,55178,8701.74270000,20720565.32538200,0
1643097600000,2384.22000000,2454.00000000,2374.72000000,2425.25000000,28851.22680000,1643111999999,69645660.18675900,83753,14173.03310000,34209073.88079700,0
1643112000000,2425.25000000,2470.00000000,2367.06000000,2420.02000000,61099.97000000,1643126399999,148078787.89839600,137054,30075.14260000,72920126.73092300,0
1643126400000,2420.02000000,2508.00000000,2413.90000000,2467.88000000,43534.69900000,1643140799999,107374170.11819600,115666,22462.09470000,55385520.58331700,0
1643140800000,2467.67000000,2472.88000000,2405.54000000,2459.99000000,24750.70230000,1643155199999,60398737.59473200,69126,12537.45160000,30598966.59333000,0
1643155200000,2459.99000000,2485.43000000,2414.86000000,2477.01000000,27675.00710000,1643169599999,67773963.76055600,68075,15447.15460000,37819478.28025800,0
1643169600000,2477.01000000,2500.96000000,2446.27000000,2462.43000000,20145.10810000,1643183999999,49837759.20616600,56347,10069.58740000,24918565.03789900,0
1643184000000,2462.43000000,2549.00000000,2461.34000000,2547.81000000,32774.11180000,1643198399999,82108803.00489700,91264,17724.42630000,44407377.41097800,0
1643198400000,2547.52000000,2671.96000000,2524.17000000,2606.30000000,65595.61620000,1643212799999,171165534.36521700,144781,33973.78680000,88613269.77714400,0
1643212800000,2606.37000000,2724.51000000,2561.60000000,2574.18000000,79706.45000000,1643227199999,209069317.64886900,186564,41641.78760000,109251261.27033800,0
1643227200000,2574.63000000,2574.63000000,2402.91000000,2464.61000000,58728.87420000,1643241599999,145904885.85870400,143621,28665.75540000,71134385.98992700,0
1643241600000,2464.62000000,2497.21000000,2355.21000000,2366.37000000,47137.99950000,1643255999999,113786817.45797300,113843,22327.32680000,53880024.84207400,0
1643256000000,2365.88000000,2419.93000000,2362.01000000,2404.40000000,25048.47410000,1643270399999,59969860.86866000,72987,13691.93960000,32788248.68356800,0
1643270400000,2404.43000000,2458.82000000,2386.49000000,2457.84000000,27807.44010000,1643284799999,67620488.85262800,72876,15043.17030000,36571908.67781600,0
1643284800000,2457.76000000,2521.49000000,2440.00000000,2480.01000000,38286.08120000,1643299199999,95028987.56213000,100588,19591.78520000,48643405.14376600,0
1643299200000,2480.25000000,2495.80000000,2391.56000000,2395.50000000,31976.50190000,1643313599999,78120078.33920000,90417,16510.34390000,40348308.65373500,0
1643313600000,2395.94000000,2422.14000000,2316.99000000,2410.09000000,44616.21080000,1643327999999,105446878.70348200,96450,22987.07440000,54358446.46745400,0
